image_width: 640
image_height: 480
camera_name: depth_PS1080_PrimeSense
camera_matrix:
  rows: 3
  cols: 3
  data: [622.784156526138, 0, 299.1164427807842, 0, 598.4067682696544, 256.6811511746041, 0, 0, 1]
distortion_model: plumb_bob
distortion_coefficients:
  rows: 1
  cols: 5
  data: [-0.04340884682602608, 0.07385890761862324, -0.02463395950440742, -0.01884408794099929, 0]
rectification_matrix:
  rows: 3
  cols: 3
  data: [1, 0, 0, 0, 1, 0, 0, 0, 1]
projection_matrix:
  rows: 3
  cols: 4
  data: [627.9654541015625, 0, 288.092483016022, 0, 0, 605.4380493164062, 246.3395817136061, 0, 0, 0, 1, 0]